910.251092741
898.814062896
911.69435412
898.498351428
898.498174661
898.49799435
898.497791216
898.497546822
898.49723548
898.496822286
898.496226107
898.49528701
898.493449488
898.48826742
898.470121863
899.46037012
897.697980742
897.178108056
894.384803499
890.995304496
893.263276996
896.996697311
898.488947997
930.612332267
1615.99607208
1615.99534386
1615.99414941
1615.99178675
1615.98411562
1279.59307817
898.497184264
898.49693722
898.496635468
898.496259897
898.495772972
898.495106194
898.494147638
898.492568235
898.489448777
898.478856058
898.901641796
898.120994498
900.474538942
941.907494834
894.19476009
898.311330853
898.496221818
898.495489394
898.494367089
898.492431885
